[-0.3214  -0.9369  -0.1373  94
0.8746  -0.3493  0.3363  121
-0.3631  -0.012  0.9317  790.5
0  0  0  1],
[-0.3558  -0.9291  -0.1004  -2
0.8536  -0.3669  0.3698  83
-0.3804  0.0459  0.9237  809.25
0  0  0  1],
[-0.3491  -0.9301  -0.114  2.5
0.83  -0.3634  0.423  78
-0.4349  0.0531  0.8989  824.5
0  0  0  1],
[0.457  -0.8856  -0.0827  -17.75
0.8676  0.4233  0.261  61.75
-0.1961  -0.191  0.9618  739.25
0  0  0  1],
[0.6977  -0.6557  -0.2887  -29
0.7156  0.6187  0.3243  43.5
-0.0341  -0.4328  0.9008  791.5
0  0  0  1],
[0.9828  -0.1845  -0.0025  -7.25
0.1746  0.9253  0.3368  9.5
-0.0598  -0.3314  0.9416  733.75
0  0  0  1],
[0.9716  0.1699  -0.1645  38
-0.1225  0.9566  0.2644  46.25
0.2023  -0.2367  0.9503  696.75
0  0  0  1],
[0.819  0.5731  0.0298  41.5
-0.5327  0.74  0.4107  39.5
0.2133  -0.3522  0.9113  692.25
0  0  0  1],
[0.503  0.8617  -0.0666  33.5
-0.8175  0.4994  0.287  94.5
0.2806  -0.0899  0.9556  799.5
0  0  0  1],
[0.0864  0.9951  -0.0488  51
-0.9568  0.0965  0.2743  105.75
0.2777  0.023  0.9604  863.75
0  0  0  1],
[-0.2977  0.9169  -0.2658  31.25
-0.9001  -0.1768  0.3981  55
0.318  0.3577  0.878  789.75
0  0  0  1],
[-0.6817  0.7306  -0.0379  44.75
-0.6705  -0.6032  0.4319  119
0.2927  0.3198  0.9011  874.5
0  0  0  1],
[-0.9252  0.379  -0.0182  58
-0.3668  -0.8812  0.2983  95.75
0.097  0.2827  0.9543  863.25
0  0  0  1],
[-0.9953  0.0625  -0.0743  13
-0.0892  -0.8909  0.4454  85.75
-0.0383  0.45  0.8922  828.5
0  0  0  1],
[-0.9255  -0.3467  -0.1525  -6
0.3001  -0.9169  0.2632  100
-0.2311  0.1978  0.9526  750.25
0  0  0  1],
[-0.9529  -0.3005  0.0401  58.75
0.2993  -0.9115  0.282  -31.5
-0.0482  0.2808  0.9586  721.25
0  0  0  1],
[-0.9841  0.1307  0.1206  59
-0.1073  -0.9772  0.1832  84.5
0.1418  0.1673  0.9757  765
0  0  0  1],
[-0.9242  0.3813  0.0205  29.75
-0.3755  -0.9172  0.1332  23.25
0.0696  0.1154  0.9909  698.25
0  0  0  1],
[-0.656  0.7001  0.2819  59.5
-0.702  -0.7032  0.1127  56
0.2771  -0.124  0.9528  686.75
0  0  0  1],
[-0.2698  0.9562  -0.1136  55.5
-0.9309  -0.2288  0.2848  -35.25
0.2464  0.1826  0.9518  763.25
0  0  0  1],
[0.1213  0.9922  0.0275  120
-0.9693  0.1125  0.2185  62.5
0.2137  -0.0531  0.9754  830
0  0  0  1],
[0.5409  0.8207  -0.1844  55.25
-0.821  0.5627  0.0964  98.5
0.1829  0.0992  0.9781  791.25
0  0  0  1],
[0.8429  0.5372  -0.0292  99.5
-0.5362  0.8433  0.0372  56.25
0.0446  -0.0157  0.9989  724.5
0  0  0  1],
[0.9832  0.1263  0.1316  -14.25
-0.1479  0.9744  0.1694  17.25
-0.1068  -0.186  0.9767  676
0  0  0  1],
[0.9574  -0.1055  -0.2687  91
0.1392  0.9842  0.1096  89.5
0.2529  -0.1424  0.957  805.75
0  0  0  1],
[0.7497  -0.6185  -0.2354  71.75
0.6494  0.756  0.082  56.25
0.1272  -0.2144  0.9684  733.5
0  0  0  1],
[0.381  -0.9242  0.0263  33.75
0.8737  0.3691  0.317  34.25
-0.3027  -0.0978  0.9481  831.5
0  0  0  1],
[-0.0078  -0.9974  0.0716  79.5
0.989  0.0029  0.1482  13.5
-0.148  0.072  0.9864  719.5
0  0  0  1],
[-0.344  -0.9367  0.0657  39
0.9197  -0.322  0.2247  76.75
-0.1893  0.1377  0.9722  767.25
0  0  0  1],
[-0.6682  -0.7298  0.1446  94.5
0.7349  -0.6174  0.2805  8
-0.1154  0.2937  0.9489  746.75
0  0  0  1],
[-0.9297  -0.2822  0.2365  90
0.3066  -0.9491  0.0725  -53.25
0.204  0.14  0.9689  745.75
0  0  0  1],
[-0.6597  -0.5633  0.4976  6
0.6781  -0.7315  0.0709  21
0.324  0.3842  0.8645  693
0  0  0  1],
[-0.3764  -0.8835  0.2787  81.25
0.9245  -0.3777  0.0513  30.25
0.06  0.2769  0.959  685.5
0  0  0  1],
[-0.1071  -0.9601  0.2582  46.5
0.9937  -0.0951  0.0585  1
-0.0316  0.2628  0.9643  692.25
0  0  0  1],
[0.4014  -0.7853  0.4713  95
0.8867  0.4621  0.0149  38.25
-0.2295  0.4119  0.8819  692.25
0  0  0  1],
[0.6663  -0.6288  0.4008  43.75
0.6276  0.7631  0.1539  -20.75
-0.4026  0.149  0.9032  666
0  0  0  1],
[0.8681  -0.351  0.3509  42.25
0.3448  0.9351  0.0823  23
-0.357  0.0496  0.9328  645
0  0  0  1],
[0.9542  0.1079  0.2791  42.5
-0.1572  0.9743  0.161  -4.5
-0.2546  -0.1975  0.9467  637
0  0  0  1],
[0.8114  0.5187  0.2694  70
-0.5394  0.8421  0.0034  46.25
-0.2251  -0.1481  0.963  743.75
0  0  0  1],
[0.5319  0.7534  0.3865  103.25
-0.8294  0.5556  0.0584  0.25
-0.1708  -0.3516  0.9204  776.25
0  0  0  1],
[0.1618  0.8445  0.5105  95
-0.9863  0.1223  0.1103  1.75
0.0307  -0.5214  0.8527  694.25
0  0  0  1],
[-0.16  0.9128  0.3757  147.75
-0.981  -0.1894  0.0425  50
0.11  -0.3618  0.9257  780
0  0  0  1],
[-0.5456  0.8287  0.1246  130.25
-0.7937  -0.5588  0.2403  20.75
0.2688  0.0322  0.9627  685.75
0  0  0  1],
[-0.8168  0.4416  0.3712  97.75
-0.4478  -0.891  0.0745  8.5
0.3636  -0.1054  0.9256  778
0  0  0  1],
[-0.8845  0.1149  0.4522  95.75
-0.0758  -0.9917  0.1036  -12.25
0.4603  0.0574  0.8859  807
0  0  0  1],
[-0.904  -0.2359  -0.3565  -29
0.2825  -0.9556  -0.084  74.25
-0.3208  -0.1767  0.9305  978.5
0  0  0  1],
[-0.9089  0.1124  -0.4016  2
-0.0918  -0.9933  -0.0704  64.5
-0.4068  -0.0271  0.9131  973.25
0  0  0  1],
[-0.9007  0.3967  -0.1772  -56.25
-0.4077  -0.9126  0.0292  70.5
-0.1501  0.0985  0.9837  956.75
0  0  0  1],
[-0.691  0.6743  -0.2605  12.5
-0.7199  -0.6743  0.1646  133.5
-0.0647  0.3013  0.9513  913.75
0  0  0  1],
[-0.2663  0.8957  -0.3561  -46.25
-0.9456  -0.3144  -0.0838  94.75
-0.187  0.3144  0.9307  929.25
0  0  0  1],
[0.1108  0.9626  -0.2471  -10.75
-0.972  0.1569  0.1752  123.75
0.2074  0.2208  0.953  893.75
0  0  0  1],
[0.4735  0.7939  -0.3816  -4.5
-0.7679  0.5842  0.2626  137.5
0.4314  0.1687  0.8862  936.5
0  0  0  1],
[0.7755  0.5304  -0.3425  -59
-0.4573  0.8458  0.2747  92.75
0.4354  -0.0564  0.8985  943.5
0  0  0  1],
[0.9158  0.1075  -0.3869  -3.5
-0.0775  0.9927  0.0923  145.25
0.394  -0.0545  0.9175  1046.5
0  0  0  1],
[0.906  -0.1794  -0.3833  -33
0.1953  0.9807  0.0028  116.75
0.3754  -0.0774  0.9236  884.75
0  0  0  1],
[0.7956  -0.5615  -0.2273  -42.75
0.5925  0.7995  0.099  110.25
0.1261  -0.2134  0.9688  1049.75
0  0  0  1],
[0.4576  -0.8437  -0.2807  -22.25
0.8886  0.4455  0.1095  107.75
0.0327  -0.2995  0.9535  890
0  0  0  1],
[0.0324  -0.9135  -0.4056  -34.25
0.9988  0.0448  -0.0211  90.25
0.0374  -0.4044  0.9138  888.5
0  0  0  1],
[-0.3784  -0.8374  -0.3945  8.5
0.9237  -0.3694  -0.1018  104.5
-0.0605  -0.4029  0.9133  918.75
0  0  0  1],
[-0.6696  -0.6213  -0.407  -81.5
0.6146  -0.7711  0.1662  95.25
-0.4171  -0.1388  0.8982  971.5
0  0  0  1],
[-0.495  -0.6672  -0.5566  -130
0.781  -0.6224  0.0515  -20.75
-0.3808  -0.4093  0.8292  701.75
0  0  0  1],
[-0.1741  -0.7836  -0.5964  -133.5
0.9438  -0.3055  0.1259  5
-0.2808  -0.541  0.7928  659.5
0  0  0  1],
[0.1571  -0.7932  -0.5883  -155.25
0.9839  0.1771  0.0241  38.75
0.0851  -0.5826  0.8083  748.75
0  0  0  1],
[0.4916  -0.5885  -0.6419  -81.75
0.8699  0.3659  0.3307  -137
0.0403  -0.7209  0.6919  565.75
0  0  0  1],
[0.6848  -0.3767  -0.6238  -75.75
0.6088  0.7662  0.2057  -16
0.4004  -0.5207  0.754  620.25
0  0  0  1],
[0.8676  -0.0208  -0.4969  -94.5
0.1207  0.9781  0.1697  40
0.4825  -0.2072  0.8511  733.5
0  0  0  1],
[0.805  0.3092  -0.5063  -135.75
-0.2339  0.9497  0.2081  83.75
0.5452  -0.0491  0.8369  726.5
0  0  0  1],
[0.4989  0.5004  -0.7076  -71
-0.6367  0.7655  0.0925  70.25
0.5879  0.4044  0.7006  699.75
0  0  0  1],
[0.1872  0.7117  -0.6771  -67.25
-0.8978  0.4037  0.1761  15.75
0.3986  0.5749  0.7146  672.5
0  0  0  1],
[-0.0845  0.8501  -0.5197  -121
-0.9913  -0.019  0.1301  43.5
0.1007  0.5262  0.8444  756.25
0  0  0  1],
[-0.3445  0.6995  -0.6261  -29.5
-0.9202  -0.1195  0.3728  -109.75
0.186  0.7045  0.6849  619.25
0  0  0  1],
[-0.7103  0.4746  -0.5199  -74.75
-0.6797  -0.6545  0.3312  82.5
-0.1831  0.5886  0.7874  656.5
0  0  0  1],
[-0.8715  0.2193  -0.4386  -110.5
-0.3323  -0.9219  0.1993  33
-0.3607  0.3195  0.8763  603.5
0  0  0  1],
[-0.8899  -0.0734  -0.4502  -100.5
-0.0005  -0.9868  0.1618  8.5
-0.4561  0.1442  0.8781  616.5
0  0  0  1],
[-0.7877  -0.4406  -0.4306  -91.5
0.3924  -0.8976  0.2008  -8.5
-0.475  -0.0108  0.8799  631.25
0  0  0  1],
[-0.8487  -0.4399  -0.2936  -47.75
0.3461  -0.8818  0.3204  5.5
-0.3998  0.1703  0.9006  852
0  0  0  1],
[-0.9656  0.0044  -0.2598  12.75
-0.0948  -0.937  0.3363  -19
-0.242  0.3493  0.9052  814.75
0  0  0  1],
[-0.9213  0.3829  -0.0672  -41.75
-0.3881  -0.916  0.1015  -50
-0.0227  0.1196  0.9926  799.5
0  0  0  1],
[-0.7053  0.7079  0.0391  -48
-0.6668  -0.6811  0.3024  52
0.2407  0.1872  0.9524  966
0  0  0  1],
[-0.2833  0.9388  -0.1961  33
-0.8852  -0.1773  0.4301  -106.25
0.369  0.2954  0.8812  850.25
0  0  0  1],
[0.0657  0.9919  -0.1086  -33.25
-0.9865  0.0809  0.1424  -3.5
0.15  0.0977  0.9838  893
0  0  0  1],
[0.4879  0.8465  -0.2128  -56.25
-0.8631  0.5043  0.0271  11.75
0.1302  0.1705  0.9767  962
0  0  0  1],
[0.77  0.6043  -0.2048  11
-0.5128  0.7771  0.3648  35.5
0.3796  -0.1759  0.9083  837.75
0  0  0  1],
[0.9719  0.2018  -0.1211  -23.75
-0.1415  0.9122  0.3846  -25.75
0.1881  -0.3567  0.9151  797.25
0  0  0  1],
[0.9676  -0.2203  -0.123  -35
0.2441  0.9409  0.235  68.5
0.064  -0.2574  0.9642  813
0  0  0  1],
[0.741  -0.6468  -0.1805  21.75
0.6715  0.7149  0.1951  -279.25
0.0029  -0.2658  0.964  950
0  0  0  1],
[0.5604  -0.8148  -0.1481  -18.75
0.7931  0.4765  0.3795  51
-0.2386  -0.3301  0.9133  757.25
0  0  0  1],
[0.0084  -0.9754  -0.2203  -75.5
0.9985  -0.0035  0.0537  36
-0.0532  -0.2204  0.974  852
0  0  0  1],
[-0.3539  -0.8897  -0.2885  -25.75
0.82  -0.4435  0.3619  -31
-0.4499  -0.1085  0.8864  818
0  0  0  1],
[-0.658  -0.7276  -0.1942  -43.25
0.7256  -0.6815  0.0948  56.5
-0.2014  -0.0786  0.9764  889.25
0  0  0  1],




