[-0.5586  -0.8176  -0.1395  172.25
0.6313  -0.5282  0.5678  32.5
-0.538  0.2291  0.8112  710
0  0  0  1],
[-0.3697  -0.9265  -0.0698  -5.25
0.8569  -0.3691  0.3599  84.75
-0.3592  0.0733  0.9304  794.75
0  0  0  1],
[-0.3602  -0.9281  -0.0939  -1
0.8286  -0.3646  0.4248  79.25
-0.4285  0.0752  0.9004  809
0  0  0  1],
[0.4509  -0.8914  -0.0461  -17.5
0.8674  0.4254  0.2581  63.5
-0.2104  -0.1564  0.965  726.5
0  0  0  1],
[0.7046  -0.6612  -0.2578  -26.75
0.7059  0.6159  0.3498  45
-0.0725  -0.4284  0.9007  779.75
0  0  0  1],
[0.9819  -0.1877  0.0237  -2.75
0.166  0.915  0.3678  7.75
-0.0907  -0.3572  0.9296  725
0  0  0  1],
[0.9718  0.1704  -0.1627  42.75
-0.1224  0.9553  0.2693  44.25
0.2013  -0.2418  0.9492  684.75
0  0  0  1],
[0.8201  0.5711  0.0364  44.75
-0.5267  0.7283  0.4384  34
0.2239  -0.3787  0.898  685.75
0  0  0  1],
[0.5007  0.8594  -0.1032  35.75
-0.8231  0.5096  0.2505  88.25
0.2679  -0.0405  0.9626  788.5
0  0  0  1],
[0.0817  0.9918  -0.0978  50
-0.9602  0.1046  0.2588  99.5
0.2669  0.0728  0.961  852
0  0  0  1],
[-0.2894  0.9205  -0.2627  29
-0.8971  -0.1651  0.4098  48.75
0.3338  0.3542  0.8735  781.75
0  0  0  1],
[-0.6793  0.7323  -0.0474  40
-0.6805  -0.6044  0.4143  113
0.2748  0.3137  0.9089  861.5
0  0  0  1],
[-0.9246  0.3771  -0.0544  51.75
-0.3752  -0.8764  0.302  90.5
0.0662  0.2996  0.9518  847.25
0  0  0  1],
[-0.9955  0.0749  -0.0577  4
-0.093  -0.8851  0.456  80.75
-0.0169  0.4593  0.8881  816.25
0  0  0  1],
[-0.9294  -0.3371  -0.1502  -12
0.3199  -0.9388  0.1277  99.5
-0.1841  0.0706  0.9804  740
0  0  0  1],
[-0.9543  -0.2926  0.0605  51.75
0.2955  -0.894  0.3369  -31.75
-0.0445  0.3394  0.9396  716.5
0  0  0  1],
[-0.9876  0.1289  0.0898  51.25
-0.1139  -0.9811  0.1565  80.5
0.1083  0.1444  0.9836  756
0  0  0  1],
[-0.9246  0.3781  -0.0452  23
-0.3804  -0.9111  0.1589  19.75
0.0189  0.1641  0.9863  690
0  0  0  1],
[-0.6601  0.6964  0.2814  54.25
-0.6991  -0.7067  0.1089  50.5
0.2748  -0.1248  0.9534  680.25
0  0  0  1],
[-0.2609  0.9628  -0.07  51
-0.9226  -0.2274  0.3116  -41.5
0.2841  0.1458  0.9476  760
0  0  0  1],
[0.1184  0.9927  -0.0228  118
-0.958  0.1202  0.2604  55.75
0.2612  -0.0089  0.9652  820.75
0  0  0  1],
[0.5249  0.8096  -0.2627  59
-0.8137  0.5678  0.1244  94.25
0.2499  0.1484  0.9568  781.25
0  0  0  1],
[0.8217  0.5485  -0.1548  104
-0.5212  0.8331  0.1853  53.75
0.2306  -0.0716  0.9704  720.25
0  0  0  1],
[0.979  0.1255  0.1608  -8.25
-0.1564  0.9679  0.1968  14.25
-0.1309  -0.2178  0.9672  669.75
0  0  0  1],
[0.9612  -0.1087  -0.2534  99
0.1886  0.9296  0.3165  90.5
0.2012  -0.3521  0.9141  795
0  0  0  1],
[0.7545  -0.6073  -0.2488  73.25
0.6524  0.7351  0.1844  59.5
0.0709  -0.3015  0.9508  725
0  0  0  1],
[0.3792  -0.9242  0.0443  34.25
0.8707  0.3726  0.3209  38
-0.3131  -0.0831  0.9461  819.5
0  0  0  1],
[-0.0007  -0.9977  0.0675  76.25
0.9844  0.0112  0.1757  18.25
-0.1761  0.0665  0.9821  712.25
0  0  0  1],
[-0.3492  -0.9314  0.1033  36
0.9248  -0.3247  0.1983  79
-0.1511  0.1647  0.9747  751.5
0  0  0  1],
[-0.6712  -0.7245  0.157  86.75
0.729  -0.6068  0.3168  10.25
-0.1342  0.3271  0.9354  738.5
0  0  0  1],
[-0.9282  -0.2776  0.2479  80.5
0.3159  -0.9398  0.1306  -52
0.1967  0.1995  0.9599  744.25
0  0  0  1],
[-0.6436  -0.5438  0.5385  -1.25
0.6866  -0.7212  0.0923  21.75
0.3382  0.4292  0.8375  684.75
0  0  0  1],
[-0.3774  -0.8753  0.3024  75
0.9241  -0.377  0.0619  33.5
0.0598  0.3028  0.9512  674
0  0  0  1],
[-0.1062  -0.9523  0.2862  43.25
0.9939  -0.0936  0.0576  5.75
-0.0281  0.2905  0.9565  682.75
0  0  0  1],
[0.405  -0.7738  0.4871  94
0.8865  0.4628  -0.0019  40.75
-0.2239  0.4326  0.8733  683.75
0  0  0  1],
[0.6585  -0.6221  0.4235  42.75
0.6158  0.7689  0.172  -17.5
-0.4326  0.1475  0.8894  652.75
0  0  0  1],
[0.8624  -0.342  0.3733  44.5
0.3365  0.9381  0.082  24.25
-0.3782  0.0549  0.9241  637
0  0  0  1],
[0.9497  0.1067  0.2943  45.75
-0.165  0.9695  0.1813  -4.75
-0.266  -0.2207  0.9384  623.75
0  0  0  1],
[0.8021  0.5265  0.2819  71.25
-0.5437  0.839  -0.02  43.25
-0.2471  -0.1373  0.9592  732
0  0  0  1],
[0.5208  0.7547  0.3989  102.5
-0.8367  0.544  0.0632  -3.75
-0.1693  -0.3667  0.9148  765
0  0  0  1],
[0.1483  0.84  0.522  91.75
-0.9875  0.0972  0.1243  -3
0.0537  -0.5339  0.8439  685.5
0  0  0  1],
[-0.1778  0.9187  0.3526  143.5
-0.9809  -0.194  0.0107  46.5
0.0783  -0.344  0.9357  774.5
0  0  0  1],
[-0.4758  0.8165  0.327  121.75
-0.835  -0.5362  0.1239  17.75
0.2765  -0.2141  0.9368  675.25
0  0  0  1],
[-0.8177  0.4387  0.3727  90
-0.4407  -0.8936  0.085  5.75
0.3704  -0.0947  0.924  766.75
0  0  0  1],
[-0.8795  0.1117  0.4626  87.75
-0.0628  -0.9908  0.1197  -11.75
0.4717  0.0762  0.8784  803.25
0  0  0  1],
[-0.9073  -0.2376  -0.3468  -35.75
0.2763  -0.9588  -0.066  74.5
-0.3169  -0.1557  0.9356  959.75
0  0  0  1],
[-0.9156  0.1078  -0.3874  -5
-0.1056  -0.994  -0.0271  61.75
-0.3881  0.0161  0.9215  954.75
0  0  0  1],
[-0.9027  0.3954  -0.17  -62.25
-0.4137  -0.906  0.0896  66.75
-0.1186  0.1512  0.9814  947.5
0  0  0  1],
[-0.6706  0.6626  -0.3335  6
-0.7287  -0.6727  0.1287  121
-0.139  0.3293  0.9339  892.75
0  0  0  1],
[-0.2547  0.8794  -0.4022  -47
-0.9441  -0.3161  -0.0931  88
-0.209  0.356  0.9108  916.75
0  0  0  1],
[0.1238  0.9561  -0.2655  -9.5
-0.981  0.1582  0.1123  116
0.1494  0.2465  0.9576  881.5
0  0  0  1],
[0.4773  0.7842  -0.3965  -1.25
-0.7658  0.5925  0.25  129
0.431  0.1842  0.8834  919.75
0  0  0  1],
[0.7917  0.5253  -0.312  -51.25
-0.4551  0.8477  0.2725  88.5
0.4076  -0.0737  0.9102  932.75
0  0  0  1],
[0.9098  0.1108  -0.4  0.25
-0.0631  0.9894  0.1306  143.75
0.4102  -0.0936  0.9072  1023.75
0  0  0  1],
[0.8984  -0.181  -0.4001  -26.5
0.1984  0.9801  0.0021  117.5
0.3918  -0.0813  0.9165  864.75
0  0  0  1],
[0.7842  -0.5624  -0.262  -40.5
0.5931  0.8035  0.0505  113
0.1821  -0.195  0.9637  1030.75
0  0  0  1],
[0.4475  -0.8379  -0.3124  -21.25
0.892  0.4432  0.089  111
0.0639  -0.3185  0.9458  871.75
0  0  0  1],
[0.0341  -0.9176  -0.3961  -33.75
0.9988  0.0457  -0.0199  93.75
0.0364  -0.3949  0.918  871
0  0  0  1],
[-0.3663  -0.8282  -0.424  5.5
0.9234  -0.3798  -0.0559  106.25
-0.1147  -0.412  0.9039  897
0  0  0  1],
[-0.6911  -0.6243  -0.3642  -85
0.6196  -0.7712  0.1461  93
-0.3721  -0.1247  0.9198  949.5
0  0  0  1],
[-0.5099  -0.7084  -0.4881  -130
0.7717  -0.6273  0.1043  -17.5
-0.3801  -0.3235  0.8665  694.5
0  0  0  1],
[-0.1868  -0.8264  -0.5312  -131.25
0.9396  -0.3082  0.149  9.25
-0.2869  -0.4713  0.834  648
0  0  0  1],
[0.1591  -0.8332  -0.5295  -151
0.9836  0.1799  0.0124  43.25
0.085  -0.5228  0.8482  738
0  0  0  1],
[0.5038  -0.5653  -0.6532  -78
0.8638  0.3259  0.3843  -136.5
-0.0043  -0.7578  0.6525  582.25
0  0  0  1],
[0.7044  -0.3862  -0.5955  -70.25
0.6152  0.7506  0.2409  -12
0.354  -0.5361  0.7663  617.75
0  0  0  1],
[0.8949  -0.0357  -0.4448  -87.25
0.1226  0.9781  0.1682  42
0.429  -0.205  0.8797  728.25
0  0  0  1],
[0.8446  0.297  -0.4456  -129
-0.2422  0.954  0.1767  82.75
0.4775  -0.0413  0.8776  722
0  0  0  1],
[0.5145  0.4964  -0.6992  -68.75
-0.6285  0.773  0.0863  67.25
0.5833  0.3951  0.7097  699.75
0  0  0  1],
[0.2005  0.7305  -0.6528  -65.5
-0.8909  0.4132  0.1887  12.25
0.4076  0.5437  0.7336  670.5
0  0  0  1],
[-0.0747  0.8824  -0.4646  -119
-0.9927  -0.0217  0.1183  38
0.0943  0.4701  0.8776  746
0  0  0  1],
[-0.3444  0.6931  -0.6332  -33.5
-0.9154  -0.0981  0.3905  -116.75
0.2085  0.7141  0.6682  617.75
0  0  0  1],
[-0.7127  0.4981  -0.494  -77.5
-0.6856  -0.6436  0.3401  75.75
-0.1486  0.5811  0.8002  643
0  0  0  1],
[-0.9116  0.2433  -0.3313  -114
-0.3306  -0.9129  0.2393  30
-0.2442  0.3277  0.9127  595.5
0  0  0  1],
[-0.9208  -0.0762  -0.3824  -101.5
-0.0148  -0.9732  0.2294  5.5
-0.3896  0.2169  0.895  607.75
0  0  0  1],
[-0.8076  -0.4511  -0.3799  -93.25
0.3793  -0.8905  0.2512  -7.5
-0.4516  0.0588  0.8903  619.75
0  0  0  1],
[-0.8585  -0.4402  -0.263  -51
0.3361  -0.8704  0.3597  5.5
-0.3873  0.2204  0.8952  842.75
0  0  0  1],
[-0.9748  0.015  -0.2226  6.75
-0.0998  -0.9217  0.3749  -20.25
-0.1996  0.3876  0.9  807.75
0  0  0  1],
[-0.9185  0.3726  -0.1325  -48
-0.3916  -0.9037  0.1734  -52
-0.0551  0.2112  0.9759  790.5
0  0  0  1],
[-0.7007  0.7103  0.0665  -51.25
-0.6645  -0.6837  0.3015  48.25
0.2597  0.1671  0.9511  953.5
0  0  0  1],
[-0.2737  0.9453  -0.1774  32
-0.8859  -0.176  0.4291  -112.5
0.3744  0.2747  0.8857  852
0  0  0  1],
[0.0694  0.9958  -0.059  -35
-0.988  0.0768  0.1341  -10.5
0.1381  0.0489  0.9892  884.5
0  0  0  1],
[0.5022  0.8458  -0.18  -52.25
-0.8634  0.5019  -0.0504  10.5
0.0477  0.1807  0.9824  954
0  0  0  1],
[0.7749  0.6022  -0.1923  14.5
-0.5063  0.7734  0.3815  32
0.3784  -0.1982  0.9042  830.25
0  0  0  1],
[0.9741  0.2005  -0.104  -18.25
-0.1408  0.899  0.4148  -26
0.1767  -0.3894  0.904  790
0  0  0  1],
[0.9697  -0.2233  -0.0991  -31.5
0.241  0.9408  0.2382  68.75
0.04  -0.2548  0.9662  802.75
0  0  0  1],
[0.6872  -0.6338  -0.355  22.25
0.6756  0.7373  -0.0087  -276.75
0.2672  -0.2339  0.9348  954
0  0  0  1],
[0.5576  -0.8193  -0.1337  -17.25
0.7872  0.4707  0.3985  55.25
-0.2636  -0.3275  0.9074  746.25
0  0  0  1],
[0.0082  -0.9894  -0.1447  -74.5
0.995  -0.0064  0.1  41.25
-0.0999  -0.1448  0.9844  833.25
0  0  0  1],
[-0.3615  -0.8898  -0.2784  -27
0.809  -0.4478  0.3808  -26.5
-0.4635  -0.0875  0.8818  800.5
0  0  0  1],
[-0.6713  -0.7348  -0.0976  -47
0.7206  -0.6777  0.1461  57.75
-0.1735  0.0278  0.9844  873.25
0  0  0  1],
