[428.421, 624.034, 1563.31, -51.7428, -17.8344, -75.4356],
[428.403, 623.988, 1632.41, -52.1733, -16.004, -73.9552],
[488.101, 623.987, 1632.41, -49.2512, -16.004, -73.9552],
[311.342, 686.33, 1386.24, -60.4738, 19.2803, -109.069],
[201.34, 697.985, 1137.71, -69.9894, 39.4702, -119.758],
[215.909, 736.595, 1210.74, -85.4457, 42.2869, -163.952],
[-4.8136, 780.564, 1301.76, -109.174, 39.9901, 169.502],
[-42.9635, 845.931, 1163.6, -129.138, 44.8591, 132.42],
[-176.761, 712.073, 1374.4, -140.613, 22.7544, 113.093],
[-248.93, 662.538, 1476.31, -146.012, 6.9201, 92.8864],
[-252.33, 803.593, 1775.34, -149.466, -17.3242, 87.0682],
[-296.161, 721.407, 1794.56, -149.662, -29.8535, 61.8779],
[-104.903, 644.713, 1791.81, -128.239, -38.7858, 32.3784],
[30.0767, 712.895, 1959.58, -109.528, -53.8358, 10.0759],
[230.861, 684.468, 1730.26, -77.3449, -40.3961, -26.2614],
[81.7256, 754.258, 1779.4, -97.4773, -38.5807, -19.2677],
[-88.8139, 715.146, 1664.1, -119.684, -36.2582, 11.0891],
[5.1041, 759.122, 1609.29, -118.341, -28.0673, 26.3539],
[-164.969, 836.917, 1378.89, -140.061, -7.4871, 43.6977],
[-183.323, 762.363, 1596.05, -137.946, -6.5385, 78.2328],
[-186.373, 675.559, 1401.22, -140.97, 14.989, 90.7095],
[-98.8346, 673.676, 1530, -132.713, 17.1426, 120.38],
[-11.3765, 721.465, 1433.02, -116.252, 30.3034, 143.075],
[227.53, 756.735, 1340.9, -95.1003, 35.315, 171.446],
[182.624, 596.874, 1487.38, -82.8398, 27.5586, -169.194],
[89.6275, 704.242, 1333.59, -76.9791, 27.2201, -132.521],
[411.554, 599.348, 1457.45, -56.2829, 9.7857, -109.15],
[247.669, 700.071, 1623.39, -65.2559, -11.2319, -95.5457],
[238.319, 660.391, 1690.35, -63.284, -20.7935, -78.7815],
[153.239, 726.556, 1819.55, -78.438, -38.4869, -58.3027],
[-151.592, 766.368, 1650.04, -115.601, -28.7547, -16.9403],
[-215.279, 948.609, 1870.91, -106.954, -43.4918, -46.9005],
[20.5981, 803.162, 1781.05, -81.5842, -31.751, -77.5554],
[108.158, 778.296, 1768.66, -75.0786, -21.4272, -92.9158],
[325.122, 820.923, 1914.31, -57.4196, -17.723, -132.836],
[470.475, 804.484, 1672.71, -57.7448, 3.7801, -142.604],
[432.753, 798.029, 1572.94, -64.443, 17.6067, -158.874],
[362.506, 809.2, 1348.14, -79.8109, 34.7398, 174.627],
[342.305, 683.411, 1362.53, -94.468, 33.1337, 143.715],
[304.356, 718.062, 1135.59, -103.894, 41.0683, 116.518],
[105.677, 892.922, 1012.73, -130.544, 41.771, 78.8385],
[-18.916, 744.423, 1122.05, -136.86, 24.3891, 64.1389],
[-157.839, 873.135, 1248.65, -144.724, 10.0407, 48.707],
[-298.434, 820.109, 1379.3, -140.734, -10.1475, 25.1453],
[-411.033, 861.113, 1544.96, -140.877, -22.8506, 7.5319],
[281.127, 443.005, 1345.98, -79.6614, -16.2436, -15.3216],
[371.867, 446.596, 1491.15, -86.1073, -24.0984, 6.7313],
[70.8378, 474.613, 1667.79, -107.59, -32.5434, 27.3763],
[48.4999, 531.266, 1760.64, -125.057, -31.6342, 55.3711],
[229.862, 498.412, 1752.16, -117.163, -22.0932, 79.4101],
[-167.624, 596.036, 1633.95, -141.082, -2.0478, 101.183],
[-391.414, 662.36, 1611.76, -148.503, 11.7367, 124.319],
[-350.469, 643.61, 1371.73, -140.663, 27.7111, 142.556],
[-335.225, 497.43, 1379.93, -121.705, 34.613, 172.272],
[-241.373, 634.928, 1438.79, -112.764, 32.3395, -167.816],
[14.5096, 395.038, 1307.43, -84.2423, 32.066, -137.76],
[109.202, 550.723, 1269.2, -70.1699, 25.283, -107.784],
[32.6175, 573.802, 1231.7, -73.2714, 16.5258, -84.6105],
[112.584, 544.444, 1173.25, -71.7513, 5.3298, -61.5645],
[452.804, 454.555, 1417.53, -58.6602, -13.2554, -40.5251],
[400.627, 772.795, 1216.94, -56.3178, 10.8945, -41.887],
[339.168, 850.265, 1127.66, -53.8716, 25.5329, -56.0927],
[31.5881, 796.019, 1058.53, -74.8553, 40.6293, -83.2839],
[129.873, 1038.02, 999.773, -88.7121, 54.4971, -110.477],
[-139.574, 1011.73, 1131.35, -115.555, 51.1905, -145.923],
[-252.897, 847.509, 1314.62, -130.401, 38.0115, 179.887],
[-313.164, 863.816, 1431.44, -146.548, 28.4835, 157.354],
[-348.813, 1015.71, 1831.41, -155.632, -0.931, 149.528],
[-196.831, 995.74, 1934.96, -152.12, -21.0119, 129.032],
[-15.0752, 775.198, 1899.19, -136.794, -30.202, 102.784],
[-19.2649, 1034.48, 2007.98, -135.092, -43.3908, 92.7428],
[211.973, 881.839, 1956.13, -116.906, -56.5516, 56.8922],
[308.683, 839.259, 1735.11, -82.7994, -43.9071, 14.8264],
[393.575, 821.551, 1649.24, -67.762, -33.1479, -7.3117],
[421.991, 804.766, 1541.41, -59.78, -19.0778, -29.0183],
[411.506, 604.772, 1742.46, -65.3461, -31.7561, -31.7575],
[211.832, 667.364, 1853.37, -93.4339, -41.9165, 2.9852],
[45.8187, 649.024, 1656.02, -107.457, -27.6166, 24.9125],
[-283.416, 588.573, 1679.12, -135.869, -26.6693, 52.3816],
[-324.012, 758.699, 1731.4, -141.163, -13.3479, 82.6651],
[-140.151, 592.061, 1522, -132.957, -0.8557, 94.7224],
[-89.8061, 501.658, 1513.82, -128.082, 8.6844, 119.036],
[-251.921, 737.27, 1267.49, -137.134, 32.9742, 135.417],
[-32.524, 738.141, 1140.59, -115.047, 42.897, 165.036],
[85.3149, 645.23, 1251.26, -93.531, 41.4268, -162.844],
[2.0285, 476.874, 1330.51, -96.2859, 13.9577, -136.436],
[367.75, 701.643, 1239.83, -56.4278, 29.0181, -109.024],
[223.31, 571.426, 1383.65, -65.914, 10.3536, -84.891],
[496.258, 638.827, 1466.49, -55.3896, -5.1703, -63.86],
[248.755, 525.383, 1558.71, -68.3582, -17.5053, -50.942],




